for threshold in [5.19, 5.73, 6.27]
for balance in [0, 0.2, 0.3, 0.4, 0.5]
percentage test set: 0.2 (stratified)

========================================================================
LI features (full), photonet:

AdaBoostClassifier
[[ 0.53289474  0.53289474  0.53289474  0.53289474  0.53289474]
 [ 0.33333333  0.25        0.24096386  0.23899371  0.17391304]
 [ 0.          0.03278689  0.04301075  0.01840491  0.02702703]]

GaussianNB
[[ 0.56712329  0.56712329  0.56712329  0.56712329  0.56712329]
 [ 0.23387097  0.21582734  0.19753086  0.18338109  0.1763285 ]
 [ 0.06666667  0.04624277  0.045       0.03831418  0.03690037]]

SGDClassifier
[[ 0.55172414  0.61267606  *0.63492063*  0.56122449  0.53050398]
 [ 0.5         0.13675214  0.25        0.15755627  0.12903226]
 [ 0.          0.03529412  0.02588997  0.02197802  0.02347418]]

SVC
[[ 0.54022989  0.54022989  0.54022989  0.54022989  0.54022989]
 [ 0.28358209  0.26829268  0.20454545  0.17708333  0.19011407]
 [ 0.          0.02985075  0.03448276  0.02777778  0.02822581]]
       
       ---------------------------------------------------
Ava: ...
========================================================================
LI features (main), photonet:

AdaBoostClassifier
[[ 0.51724138  0.51724138  0.51724138  0.51724138  0.51724138]
 [ 0.5         0.14285714  0.17142857  0.20863309  0.18466899]
 [ 0.          0.02739726  0.03472222  0.03        0.028125  ]]

GaussianNB
[[ 0.52077562  0.52077562  0.52077562  0.52077562  0.52077562]
 [ 0.          0.          0.2         0.2244898   0.18382353]
 [ 0.          0.          0.05405405  0.03414634  0.02597403]]

SGDClassifier
[[ 0.          0.53571429  0.53960396  0.50555556  0.55555556]
 [ 0.          0.          0.          0.          0.16666667]
 [ 0.          0.0323741   0.01470588  0.03389831  0.0214425 ]]

SVC
[[ 0.55379747  0.55379747  0.55379747  0.55379747  0.55379747]
 [ 0.22553191  0.21518987  0.21399177  0.19838057  0.19087137]
 [ 0.02583979  0.03005464  0.0316092   0.03293413  0.02102102]]
       
       ---------------------------------------------------
LI features, ava:
AdaBoostClassifier
[[ 0.53472222  0.53472222  0.53472222  0.53472222  0.53367876]
 [ 0.          0.375       0.15        0.16513761  0.15168539]
 [ 0.          0.05128205  0.03529412  0.03378378  0.04663212]]

GaussianNB
[[ 0.62666667  0.62666667  0.62666667  0.62666667  0.54679803]
 [ 0.          0.          0.          0.24489796  0.16580311]
 [ 0.          0.          0.          0.02739726  0.02649007]]

SGDClassifier
[[ 0.51282051  0.52173913  0.54166667  0.5         0.49642857]
 [ 0.5         0.          0.          0.15258856  0.1530343 ]
 [ 0.          0.01242236  0.          0.02487562  0.03095975]]

SVC
[[ 0.53968254  0.53968254  0.53968254  0.53968254  0.53030303]
 [ 0.1875      0.17647059  0.17894737  0.1657754   0.15865385]
 [ 0.05594406  0.05072464  0.04347826  0.05        0.04026846]]
 
 
 
 
========================================================================
GIST Features, photonet:

AdaBoostClassifier
[[ 0.53821656  0.53821656  0.53821656  0.53821656  0.53821656]
 [ 0.2         0.27586207  0.23684211  0.19796954  0.19330855]
 [ 0.          0.025       0.02150538  0.01986755  0.0122449 ]]

GaussianNB
[[ 0.58823529  0.58823529  0.58823529  0.58823529  0.58823529]
 [ 0.19488818  0.19076923  0.19672131  0.20430108  0.20138889]
 [ 0.03985507  0.03125     0.02811245  0.03061224  0.03050847]]

SGDClassifier
[[ 0.53707415  0.60526316  0.65384615  0.51268116  *0.70786517*]
 [ 0.          0.          0.2173913   0.2031746   0.16014235]
 [ 0.          0.          0.          0.0239521   0.02474227]]

SVC
[[ 0.6026936   0.6026936   0.6026936   0.6026936   0.6026936 ]
 [ 0.26903553  0.26829268  0.23788546  0.23265306  0.21376812]
 [ 0.025       0.024       0.02083333  0.02339181  0.02040816]]
       ---------------------------------------------------
GIST features, ava:

AdaBoostClassifier
[[ 0.53367876  0.53367876  0.53367876  0.53367876  0.54878049]
 [ 0.05882353  0.08333333  0.21481481  0.19678715  0.17096019]
 [ 0.          0.015625    0.03012048  0.02941176  0.02364066]]

GaussianNB
[[ 0.57228916  0.57228916  0.57228916  0.57228916  0.57185629]
 [ 0.19196429  0.18901099  0.18872017  0.17706237  0.17460317]
 [ 0.02277433  0.02489627  0.02696078  0.01886792  0.02672606]]

SGDClassifier
[[ 1.          0.68253968  0.53830645  0.53556485  *0.66666667*]
 [ 0.          0.24444444  0.33333333  0.2375      0.23404255]
 [ 0.          0.          0.06666667  0.          0.        ]]

SVC
[[ 0.57506361  0.57506361  0.57506361  0.57506361  0.56756757]
 [ 0.2218543   0.2218543   0.1918239   0.19354839  0.18157895]
 [ 0.05113636  0.04044118  0.04037267  0.02739726  0.02684564]]
 


========================================================================
PHOG-0, photonet
 
 AdaBoostClassifier
[[ 0.53956835  0.53956835  0.53956835  0.53956835  0.53956835]
 [ 0.15        0.28333333  0.21428571  0.20895522  0.19343066]
 [ 0.          0.04081633  0.05882353  0.0483871   0.02310231]]

GaussianNB
[[ 0.57988166  0.57988166  0.57988166  0.57988166  0.57988166]
 [ 0.20597015  0.20658683  0.20597015  0.20294118  0.20175439]
 [ 0.02583026  0.02588997  0.02531646  0.02631579  0.02785515]]

SGDClassifier
[[ 0.51147541  0.51410658  0.51226994  0.53135314  0.54632588]
 [ 0.18        0.23529412  0.17553191  0.20081967  0.18831169]
 [ 0.          0.02222222  0.01980198  0.02531646  0.03333333]]

SVC
[[ 0.56989247  0.56989247  0.56989247  0.56989247  0.56989247]
 [ 0.27027027  0.23529412  0.21505376  0.21088435  0.19672131]
 [ 0.          0.125       0.09433962  0.06382979  0.03686636]]
 
 
 
 
========================================================================
PHOG-1, photonet

AdaBoostClassifier
[[ 0.55102041  0.55102041  0.55102041  0.55102041  0.52336449]
 [ 0.05882353  0.27586207  0.26530612  0.16393443  0.15555556]
 [ 0.          0.06666667  0.05882353  0.04545455  0.02631579]]

GaussianNB
[[ 0.56589147  0.56589147  0.56589147  0.56589147  0.5625    ]
 [ 0.18939394  0.19402985  0.19402985  0.19117647  0.1875    ]
 [ 0.03225806  0.0326087   0.01785714  0.02970297  0.02380952]]

SGDClassifier
[[ 0.5462963   0.57281553  0.50833333  0.59139785  0.60215054]
 [ 0.09090909  0.16666667  0.15714286  0.08860759  0.1372549 ]
 [ 0.          0.          0.          0.01515152  0.        ]]

SVC
[[ 0.54945055  0.54945055  0.54945055  0.54945055  0.54255319]
 [ 0.1         0.06666667  0.21212121  0.21052632  0.18181818]
 [ 0.          0.2         0.125       0.08333333  0.05357143]]