6.15833515983
6.59073463438
6.29877897912
6.14924110412
6.59347076644
6.29988541898
6.13791048432
6.59496673283
6.2999869077
6.12388747916
6.5964013032
6.30636268921
6.10777868001
6.59808449978
6.31216520366
6.08867654343
6.5898116229
6.32569066205
6.02913597094
6.58055820008
6.34393639998
6.00162655585
6.5554337178
6.35322082459
6.011046528
6.50574784333
6.3420884132
6.0636319109
6.47420608219
6.32048885924
6.08969777066
6.45290164159
6.31112384483
6.10340395667
6.44649956354
6.31254124212
6.12360650365
6.44808990273
6.32064539947
6.12474661561
6.44566728333
6.33554117016
6.14935380776
6.44540085515
6.35352667177
6.13430436372
6.44863854954
6.35776743811
6.11844304631
6.455796519
6.35964428094
6.0751510235
6.44582088019
6.3757453638
6.01717834307
6.44702460318
6.40586651091
5.95809067517
6.44190573043
6.42627702187
5.92899114976
6.41660221842
6.44438816379
5.92487073852
6.39704207821
6.48975712643
5.94045221345
6.38251886005
6.51210282132
5.95646714648
6.35557969683
6.51747837127
5.90664240857
6.33286027856
6.50400097044
5.89363374672
6.33758312502
6.49313477734
5.88559388042
6.34578090105
6.47511279706
5.87952025638
6.34864670758
6.47042416849
5.85026303259
6.35858538381
6.44698684842
5.81137335997
6.37231532579
6.43558869488
5.78401239439
6.3836090827
6.42332261745
5.73960195198
6.40129926276
6.42489038773
5.68378478559
6.40290746006
6.41368736471
5.66467602598
6.41048119965
6.41751490081
5.64965531929
6.40093372711
6.4324009154
5.6328367585
6.37347320219
6.42746597925
5.6136699067
6.38048586387
6.42091803212
5.55685707004
6.41899303731
6.41380733968
5.54982755211
6.51728448496
6.42422373168
5.55319867841
6.57660662627
6.41468531776
5.55800870748
6.53375115698
6.35314305641
5.59468106785
6.4802595837
6.33407363896
5.59376696001
6.46742022811
6.3601845336
5.60109871973
6.50672441711
6.35879008585
5.60918004735
6.53299731478
6.34970293348
5.60063356789
6.50892436953
6.34931475521
5.57944981013
6.50521526894
6.35792560573
5.56688402038
6.53111978095
6.36931634743
5.57424762455
6.54586960637
6.38209350916
5.58985375539
6.53351747969
6.38981925792
5.59918954834
6.48058139143
6.42912022315
5.60569030035
6.42514518268
6.46026353138
6.10262316454
6.03063997263
6.10103452012
6.10236546853
6.03492399045
6.10396726122
6.10177441329
6.03353166882
6.10913457345
6.11096042439
6.03061448791
6.11813139189
6.10780346435
6.04105759979
6.12610714528
6.10358128446
6.04773813739
6.12895597471
6.08490988898
6.05098632274
6.13484627648
6.07705348996
6.04865110436
6.13453940139
6.07573052927
6.04936814377
6.13128206112
6.07901359716
6.04967241945
6.12657197856
6.08087862037
6.05321944614
6.1194125925
6.07509485305
6.05036825046
6.11167077906
6.07650336473
6.04967888165
6.10253595823
6.07627084099
6.05038587033
6.09814862792
6.07321601919
6.04902891993
6.09538353032
6.07058772078
6.04307708942
6.09300501456
6.07822281919
6.04367575552
6.09761926542
6.07458144686
6.03954797269
6.1027098648
6.07636790775
6.04397995218
6.10657867861
6.07994078206
6.05402729433
6.12331363393
6.08119989154
6.05562875719
6.13680669998
6.08402698394
6.05500251788
6.15470560141
6.08564418662
6.0615024363
6.16768088828
6.08569223617
6.06693462695
6.1765346323
6.19171539815
6.12277804755
5.98128524985
6.17888416265
6.11107677437
5.98783094801
6.16870102538
6.1034934972
5.98982995167
6.16828751841
6.10885210755
5.99806761715
6.17877324772
6.12445913309
6.01188850109
6.17652377924
6.1278420292
6.01723360289
6.17440045311
6.13052191517
6.02350118345
6.17701163103
6.13759715594
6.03321404663
6.172350559
6.13731982931
6.03794752102
6.16276482828
6.129308679
6.03084443962
6.15258022424
6.10670224352
6.02295223303
6.14158217048
6.096311772
6.02036841171
6.11712772484
6.07197839448
6.01812397305
6.07931774584
6.03897025037
6.01136444097
6.06955213596
6.03378169104
6.01288766438
6.07372736844
6.04032414656
6.02515971385
6.05861093227
6.03561736555
6.02098676704
6.04739776766
6.03249892271
6.01863362157
6.02265047102
6.02262219936
6.01644276127
6.01038883185
6.0167569893
6.01945043985
6.00613528153
6.01033321511
6.02077712765
6.01506505622
6.01806249629
6.02802605456
6.0128250124
6.0126972574
6.01709026281
6.01595362362
6.01486956476
6.01057387669
6.010079512
6.00797771669
5.99601020244
6.01737615943
6.01763410283
5.99307869958
6.03220224674
6.03158969476
6.00672953564
6.08370733399
6.0795387997
6.04832960985
6.13820042954
6.13221649516
6.07928316133
6.16364083673
6.16811394904
6.10223529539
6.19863774689
6.20578838374
6.12566770419
6.22434536879
6.23677401475
6.13708596528
6.22961464214
6.24404909126
6.11490256273
6.24115085244
6.2519077684
6.09046262696
6.24017881355
6.24933698562
6.05697151401
6.24654100133
6.25455236976
6.04403152384
6.24441738125
6.25859233395
6.02009778731
6.24852221073
6.26923121485
5.99994292331
6.24899370952
6.27248954527
6.00124041394
6.24076834871
6.27444861767
5.97264051593
6.22811753794
6.27332252994
5.94044655339
6.2242235199
6.27488455058
5.91093301423
6.22181491207
6.26671694608
5.87013149494
6.21346963048
6.26100402604
5.8152882746
6.21727560253
6.26176717348
5.78099222357
6.22660214652
6.26798309815
5.72898681882
6.22480526587
6.25819567372
5.67679425293
6.22445591767
6.25740523427
5.65248156423
6.22442496751
6.25869547299
5.62340890722
6.21516678857
6.25646811481
5.59569317005
6.21269413452
6.25795176321
5.5872908983
6.21147171656
6.2744666749
5.57685530075
6.21844927916
6.28335616258
5.56723225565
6.21640083624
6.28573721659
5.57720202692
6.21956450266
6.2951998533
5.58080700066
6.10456654018
6.04523511976
5.92086651841
6.10969495032
6.04417688606
5.91343262247
6.11318131579
6.04558314925
5.90412325969
6.12172936816
6.05049812607
5.89100992329
6.12826311208
6.05543237776
5.88316350407
6.13871788135
6.06405560981
5.86584026031
6.16019159548
6.08136321151
5.85110635314
6.1754767719
6.09673542128
5.84706580946
6.21492710774
6.1226935451
5.83811644903
6.26492802786
6.16165810965
5.84496148314
6.28935278349
6.17354423079
5.85435193765
6.3295391851
6.19560430601
5.88215810774
6.38597042508
6.21215091908
5.8877969509
6.41940588413
6.22530643067
5.87751423884
6.4753465556
6.25362807755
5.85805660601
6.56269017365
6.28978628097
5.85184100123
6.6202454865
6.31652894455
5.85995022371
6.68098588412
6.36766563188
5.89903967965
6.71743035653
6.39025758765
5.90739948243
6.71495177232
6.40431161758
5.9087225683
6.73506395246
6.44313251917
5.93277175956
6.73985424606
6.47139129936
5.96027287805
6.74317586518
6.51646025383
5.98178012847
6.7379544496
6.53500341205
5.98126378786
6.70041637896
6.52187385938
5.97200200784
6.65535516858
6.49816493104
5.9672736978
6.60417323565
6.48301924906
5.94832597955
6.57296924333
6.47754367825
5.92146578732
6.55806697555
6.47533135674
5.88333078171
6.54324671536
6.47132988294
5.85433491104
6.53331066137
6.47278024164
5.85644965827
6.54312251932
6.47742469073
5.90154388673
6.55501918356
6.46887438634
5.98845297382
6.55504307227
6.45870043693
6.05613900062
6.55944097191
6.43384409493
6.1212284793
6.58457670556
6.41817265584
6.13048114481
6.60254420563
6.42391571694
6.13783819606
6.61431256445
6.45916827131
6.14218491672
6.59593136936
6.46264573831
6.17106401588
6.57410881345
6.4619752248
6.18823423345
6.56724268932
6.45398728243
6.19630748838
6.53219698752
6.42087544373
6.19708201659
6.49576166195
6.43015692539
6.22390306618
6.42959987635
6.44994478879
6.27306902228
6.40470544791
6.44360853997
6.39062963964
6.43064578602
6.45986038808
6.46319498048
6.40600502278
6.4211342348
6.53575209348
6.44501046435
6.32548494095
6.69580435545
6.09908500765
6.12887607104
6.22011886337
6.04631556385
6.17223683786
6.32148765834
6.36130213146
6.23197686506
6.71917795174
6.42301257083
6.25349607728
6.72888850763
6.33900379546
6.23768004169
6.73138983803
6.28509904554
6.47352465933
6.44265806527
6.35068580818
6.35523779753
6.03078845287
6.34493625841
6.41404689651
6.00165644815
6.22906861064
6.47335139414
5.95257032088
6.26058103074
6.44764561527
6.06020825214
6.44878661097
6.57746156766
6.53915491561
6.44984884413
6.70970608783
6.48633703642
6.42181842989
6.74033824244
6.40171562022
6.41961011146
6.56838747965
6.37916421801
6.52066382016
6.32838378583
6.41988762133
6.57008627446
6.36006182463
6.40610318645
6.54722887798
6.51446825264
6.5507446468
6.57931537837
6.56303146639
6.43051572613
6.57665002558
6.49505856877
6.37736611864
6.50191500276
6.39035567922
6.39349357351
6.48826231285
6.45198820403
6.39285710196
6.49827239027
6.465473258
6.42389853639
6.51069168755
6.41128692617
6.41455531877
6.52901416692
6.33106978991
6.43539776735
6.54090970887
6.29213035741
6.45231106579
6.56206775813
6.25017773723
6.49542023184
6.56010541347
6.25704677666
6.52152099866
6.56422970925
6.24466924415
6.52540356678
6.54342256395
6.22208986542
6.48932205848
6.53118483745
6.18484455317
6.46989391556
6.55511610762
6.18100597924
6.46202881138
6.56293280483
6.23481695007
6.4804103216
6.57015568003
6.26539916947
6.46850769898
6.59393572457
6.30140720555
6.45016283573
6.61268296049
6.31903941162
6.43708943938
6.62204348083
6.33146737664
6.44197360072
6.62748374295
6.34107216977
6.44627840763
6.63049567372
6.35293530913
6.43843569408
6.62101914333
6.35387477986
6.42137688449
6.61038660848
6.35123484315
6.42146450069
6.62422580554
6.35359217646
6.43810901671
6.63556742984
6.34901175786
6.45079164798
6.62726359259
6.35008856364
6.4423758572
6.62188609989
6.36640769857
6.43877668276
6.61996495375
6.38062243962
6.44560866421
6.61177848134
6.37217503539
6.43887413813
6.60641103137
6.36776067846
6.43587407525
6.60136994056
6.37369065807
6.44614570333
6.60089254006
6.37500623724
6.45113120837
6.59442240369
6.3667674691
6.44512575788
6.58801338825
6.37190217391
6.44295558319
6.58608521951
6.36667787532
6.43916999053
6.20126682268
6.36450603864
5.95156026685
6.20096355297
6.36552895788
5.94683798233
6.19551085027
6.36116537292
5.94239294596
6.19641582393
6.36172591666
5.93845603585
6.19686665876
6.35972103779
5.93821009028
6.19632574714
6.35827942041
5.94053520297
6.19695015828
6.36076185472
5.94134657341
6.19978951128
6.35952670284
5.94997940046
6.20649794938
6.36636719604
5.96820875647
6.21138613463
6.3675513128
5.97898010081
6.22236485868
6.37357954085
5.98603814225
6.2307603983
6.38041275039
5.98629360942
6.24158309941
6.38926915418
5.99139393907
6.2732471808
6.41857114779
6.00492242183
6.27619450367
6.43640271992
6.01160680586
6.27065343462
6.4520957958
6.0414730357
6.25238332696
6.44173999903
6.06319825732
6.24068075209
6.42963363523
6.078745793
6.23423430487
6.42297946117
6.0981400452
6.23314767232
6.42532992786
6.10156384561
6.22953716204
6.42617035893
6.0945493054
6.23226050518
6.43457213575
6.08127594584
6.23628210747
6.44013900095
6.06790999318
6.13418347488
6.07847622119
6.15727990053
6.13325354784
6.08643786839
6.15888548167
6.11831558005
6.0968190145
6.14820719717
6.10980632151
6.10300976223
6.14481397427
6.09572746074
6.11715473007
6.14720061156
6.07822578815
6.12981820498
6.14864864615
6.06947681884
6.13417627265
6.14466646179
6.06027198834
6.14805115085
6.14005241506
6.06865388333
6.17364381275
6.12331807444
6.07803723627
6.19782960147
6.11151795245
6.08782572095
6.22208910119
6.09630514669
6.10180774462
6.22848804407
6.08841216927
6.1079644387
6.21747072479
6.08044839599
6.11665732604
6.20493934046
6.08552011448
6.13090622406
6.18926840883
6.11972474979
6.13434715961
6.17817070263
6.14150361597
6.14411761392
6.15304584659
6.1619410398
6.13807253363
6.12499353183
6.15747439738
6.14126932473
6.12154709595
6.15425749126
6.14350805506
6.11835502456
6.15207911473
6.13484515591
6.1080327813
6.14617910259
6.13148534838
6.11868921463
6.14929374009
6.38449486944
6.47073844772
6.30376935297
6.40003116066
6.48810874099
6.32829935957
6.41183827042
6.49258666494
6.35167912407
6.41936132215
6.49171450646
6.36285250761
6.42732379869
6.49250164814
6.3696875125
6.43941413678
6.4954431951
6.38367056926
6.44605995994
6.49463480055
6.40026934551
6.44827544351
6.49182741104
6.40184063965
6.44839747427
6.48411089967
6.39704394925
6.445836766
6.47845962154
6.39814391183
6.44332552054
6.47442609893
6.39299162037
6.43740926857
6.46792541138
6.38500921178
6.43328895056
6.45876462232
6.37173066409
6.42455183387
6.44749673641
6.36016294953
6.41906540743
6.43518289829
6.34532168958
6.41807729507
6.43552048849
6.33820874784
6.41543580384
6.43622922805
6.3338342084
6.41592570472
6.44500926161
6.32492827602
6.41443760312
6.44382884203
6.31148046329
6.41101343213
6.44119860308
6.30123492161
6.40561116729
6.43396798457
6.28463831522
6.39826920125
6.41971549561
6.25551806517
6.39750268779
6.41480562877
6.23816679288
6.40094871174
6.41617159341
6.22108146195
6.40514758729
6.4202382329
6.20922359623
6.40955182238
6.42015983077
6.20375943188
6.41930912363
6.41227938306
6.20164395325
6.42902040998
6.39526814414
6.19745899122
6.43375883683
6.38491604629
6.19454486388
6.43348235833
6.36432277389
6.18879982455
6.43941972064
6.3590052664
6.20519475993
6.43971521863
6.3572349019
6.21282081159
6.44072675181
6.35975090721
6.20390901845
6.4332702169
6.3448870881
6.17695711699
6.43861043201
6.34852988556
6.17146837076
6.42432310252
6.33152565184
6.16516223243
6.39976922458
6.32641959537
6.18515973994
6.37887634585
6.31973464612
6.19827830495
6.34932087668
6.31646537372
6.23386071587
6.32845702208
6.32356256583
6.26183390062
6.32007916232
6.32886092553
6.2696691571
6.29385391843
6.34229042998
6.2828817248
6.28321955222
6.34685708178
6.2896224974
6.27100802533
6.33834947327
6.28432684277
6.26702207992
6.32131987071
6.27378045166
6.27332021365
6.31724765993
6.27781317321
6.36047149993
6.26414768915
6.22827089938
6.37530739002
6.20708669129
6.20617477699
6.39069500422
6.18155052757
6.21475854776
6.41540027062
6.16887000164
6.2325057136
6.41173570352
6.13367144426
6.26503349441
6.38122345896
6.10993995394
6.27285248882
6.37274132147
6.10721043998
6.25678127284
6.36766436399
6.12317062248
6.24617524746
6.3637913533
6.13298637859
6.23681311142
6.34624908501
6.14738703634
6.23345008039
6.3034504153
6.17982485221
6.23058377501
6.26259228918
6.24012682839
6.23930007921
6.23554655167
6.28624514898
6.25636543813
6.20214799409
6.32596617261
6.29916367554
6.17706356059
6.38497883426
6.3415519418
6.1723172973
6.40448492176
6.35184077335
6.24251421824
6.38586242008
6.38312654218
6.23371740667
6.37525556679
6.37500465239
6.25287042063
6.39317274715
6.36483389355
6.26503750544
6.40024615371
6.3543471197
6.23445402419
6.42169478243
6.33878054082
6.20488422427
6.42809897268
6.32796094834
6.15795324227
6.42924989574
6.34075769595
6.15799118439
6.38957194726
6.33799195514
6.18564857338
6.39737256769
6.31875622967
6.22746972214
6.39364973192
6.28645588544
6.25697306132
6.37671356333
6.27315841661
6.27622207023
6.38815556625
6.2599776311
6.13531902507
6.23596082026
6.34843794086
6.13523333151
6.24480295111
6.37025630398
6.13188458039
6.24111756678
6.3767302297
6.12880777194
6.24650584945
6.38364815962
6.13031651323
6.25612934607
6.38730978529
6.13914366253
6.26009476005
6.393671547
6.15549433929
6.26926745626
6.40628430441
6.17633779511
6.28282577965
6.42148044197
6.1871825968
6.29066703967
6.43084285628
6.19647690176
6.29921545696
6.44116906289
6.2108818513
6.30648492027
6.45444039377
6.21912927673
6.30984578472
6.4592118444
6.22836982243
6.31425866782
6.47022723865
6.23359632407
6.31920782938
6.47695907506
6.23966936013
6.32335031748
6.48331395794
6.25165135559
6.33671165944
6.4961000399
6.26648845403
6.35473643852
6.50513685401
6.27507220818
6.36397311291
6.50577155241
6.28629882825
6.37187999151
6.50407643458
6.30106534207
6.37910941471
6.49924061053
6.30223312207
6.37597314617
6.48778320296
6.30395755865
6.37360440414
6.47059750053
6.30253921354
6.37327803203
6.4586537281
6.29795570264
6.37098307637
6.45352394059
6.29645883979
6.37389060772
6.45496027035
6.29589929546
6.36676518646
6.46116714726
6.30123339801
6.35445991068
6.46563087029
6.30605274622
6.33290672754
6.46677768999
6.31525501264
6.31747684223
6.46777123472
6.32658409337
6.30640901762
6.45950092029
6.34174751382
6.28646562661
6.44925702444
6.34857005438
6.2633726463
6.43538323458
6.35777540208
6.25666229877
6.42769591433
6.371183756
6.2451566979
6.41449613634
6.37464137725
6.24085283598
6.40044586248
6.38243778689
6.24345799371
6.3947262251
6.38616786644
6.24280383331
6.38646334577
6.38609405539
6.24604138824
6.38610732709
6.38517185168
6.24157238885
6.3863034644
6.38895024934
6.24072032969
6.39080883471
6.39210519561
6.23737054162
6.39548318847
6.67490804305
6.71526868405
6.38366822294
6.73462684632
6.8585478878
6.4373649271
6.72230796279
6.89391693553
6.49547066699
6.71427564146
6.85288891372
6.50121615812
6.68228130005
6.82874348565
6.46929532918
6.6448021259
6.90183992541
6.47895664316
6.62975629814
6.80587476921
6.45771373632
6.63464519994
6.70729900773
6.40320868976
6.6521253461
6.70644888543
6.38105189329
6.65988145595
6.7060988838
6.38959101562
6.59192401737
6.63494861943
6.49587380013
6.58475661103
6.6801150497
6.54915350663
6.57153306862
6.76794637626
6.52254268931
6.56053353423
6.80082563084
6.47881257115
6.56480962886
6.81812708836
6.48885772572
6.55681074456
6.80466860756
6.5003079586
6.49769645804
6.75561525865
6.46164646359
6.50230012723
6.58423043835
6.36841406717
6.5247646027
6.5395834059
6.50911407828
6.51835120129
6.61332021751
6.39442143294
6.57556434342
6.68154499435
6.43934476274
6.17741345261
6.37152040426
6.17528470153
6.17870310606
6.34988869751
6.16991754459
6.18009326889
6.34268936309
6.17027015791
6.17377302438
6.33844507374
6.17950863043
6.17408547693
6.34134484419
6.17785081343
6.16978894924
6.33440913009
6.17317812538
6.16028428161
6.32564202675
6.16646035151
6.13769819459
6.30803079702
6.1651309118
6.10532918567
6.29916006329
6.15788493094
6.09785988092
6.28328385379
6.136524962
6.1155675917
6.26130935841
6.10356846555
6.147829926
6.2723557542
6.08807018068
6.1463744328
6.23824594254
6.04633811314
6.12643570689
6.17663209502
6.02684198902
6.12302922619
6.13629007307
6.03686350874
6.09828952536
6.0858127996
6.03524677397
6.0884305921
6.06314445161
6.03681119925
6.06754901334
6.04572706015
6.03514993832
6.04094211901
6.01926128813
6.03631122001
6.02045170034
6.03035087025
6.04179862248
6.02974118051
6.04256552052
6.03934069662
6.07859929853
6.06489533012
6.02891439636
6.14208391771
6.10735848114
6.03454336469
6.1589748825
6.12109652727
6.03387094251
6.15968862781
6.13573526473
6.02830968759
6.11683954189
6.14174501337
6.02172552254
6.07783262549
6.15523517482
6.02783167127
6.01195424682
6.17118963593
6.04541355667
5.98015663946
6.1767268747
6.09348904654
5.94755005665
6.1660546503
6.10983686711
5.91990603829
6.13976235578
6.14119746735
5.88878876255
6.10880198023
6.16469415587
5.87922489639
6.09410069422
6.17888223338
5.86592533392
6.09008775468
6.18614791809
6.27591517552
6.22768383078
6.25188333279
6.27481585921
6.22531916179
6.24845204199
6.26741256974
6.22443626329
6.24588958254
6.25942302376
6.22205808025
6.24547560158
6.2657132442
6.22781890925
6.24382958236
6.26178191905
6.22349230314
6.24131346343
6.27311256565
6.23693512091
6.23843841075
6.22608326772
6.21179901645
6.23882054096
6.16446874744
6.18405471408
6.23743623506
6.14973042496
6.19132458784
6.23532006865
6.13940451917
6.1996155518
6.23442380411
6.16426433557
6.2010930514
6.22863370337
6.1791945448
6.19406899108
6.23063823848
6.1744315917
6.19365016722
6.23361630463
6.17239529594
6.19339045396
6.24554601115
6.16359435881
6.18970214604
6.254372404
6.16240500276
6.18516083485
6.25612841205
6.17407585007
6.18890112662
6.25762457885
6.17564499453
6.19436825861
6.26363358568
6.17283196457
6.18101454142
6.25162549065
6.17693996479
6.19294533814
6.26125412646
6.18934607684
6.19137911502
6.25700768249
6.1876644392
6.18291759309
6.24187795758
6.19785862457
6.18563752339
6.23901904061
6.20632331091
6.19130900567
6.2349780776
6.21455025094
6.19118166825
6.22960719223
6.22634687136
6.19392305821
6.22315992599
6.53937966823
6.59645612432
6.32567936956
6.54795233928
6.60802983326
6.33096109896
6.56759373629
6.61351696474
6.33179819747
6.57498488356
6.61323963979
6.33662557082
6.57447561016
6.60883723234
6.34123476369
6.56582825444
6.59487693034
6.34230433126
6.58681817706
6.58801889974
6.34229321018
6.61246195415
6.5853268245
6.34026828861
6.61260576354
6.57088567522
6.33603037805
6.57236256683
6.53644627042
6.33675986298
6.52575720368
6.5061349274
6.33919128357
6.47794167431
6.44799378194
6.34137324215
6.52162409972
6.44707666498
6.3436785528
6.54832911471
6.45727137237
6.35108839464
6.5589417425
6.45955902295
6.35902811979
6.50444624819
6.42473356129
6.36816380057
6.48840408518
6.36388997278
6.37408703933
6.4623545873
6.25695494554
6.37564478514
6.39880185568
6.20721688651
6.35134289231
6.34862551779
6.17912442925
6.32628322633
6.31493998499
6.14820787076
6.31193193337
6.30767736327
6.13841446197
6.31146291172
6.29404154634
6.13571281132
6.31136833819
6.27887713191
6.14002340651
6.31492903765
6.27065315182
6.15691231614
6.3248727803
6.26364154608
6.17973166217
6.33319535051
6.24692826508
6.21900575877
6.3598107846
6.21368254429
6.25143081474
6.39129171604
6.18141956685
6.26537239406
6.41460779177
6.16399680573
6.27345321097
6.42512307497
6.16638148821
6.28906163351
6.3794342745
6.1798407846
6.30377921546
6.35746960426
6.19380934849
6.29731262771
6.35090694788
6.2145210699
6.30489556649
6.33789894309
6.22282839319
6.30824807924
6.33392341177
6.22781211924
6.3163625375
6.34354241735
6.23023651373
6.31865881245
6.34823865714
6.23826084564
6.32613048467
6.34574021429
6.25222365602
6.34051094708
6.33500384729
6.27084953567
6.35030107713
6.31852935262
6.28098636674
6.34795342618
6.30094507193
6.29776594618
6.33451957473
6.27313423945
6.31854630736
6.35400043748
6.25906208664
6.3322669461
6.37785007841
6.2687390127
6.36018704845
6.41376369291
6.29947766498
6.37761531945
6.44003659426
6.29833628737
6.38812361405
6.45460623758
6.29585353842
6.37732714083
6.45754891433
6.28522956461
6.37965597243
6.47863225412
6.28971113483
6.36797265764
6.48368893451
6.29163149097
6.37860516567
6.49230567379
6.29582112635
6.38748147518
6.49220287859
6.28803587104
6.39698626551
6.49005920947
6.28263287416
6.41035416974
6.48682730836
6.27513748352
6.41294732809
6.49204209016
6.28140091886
6.42398895587
6.49015830689
6.26519937902
6.27459285321
6.40123252811
6.47129582821
6.27027082936
6.39967583978
6.47282708365
6.28693845011
6.4141408298
6.505139805
6.28557839214
6.40128095475
6.49784830072
6.30211850015
6.40991079594
6.50934135833
6.31500166792
6.41499449055
6.53959229074
6.32452694337
6.40674145962
6.54368364321
6.3309594335
6.40626056948
6.54513991605
6.33566657667
6.42326950128
6.56108298655
6.34587643323
6.40559716575
6.54782500222
6.34787090176
6.39329248819
6.54049607055
6.35928555523
6.39225376407
6.54803194435
6.34491677286
6.38036743193
6.54165091989
6.36416825647
6.36635933049
6.52939803988
6.39074488188
6.38024134026
6.54327194159
6.40657558829
6.38509505742
6.55077234046
6.40995399306
6.38502494249
6.55565025588
6.41494636895
6.38801586723
6.51886770944
6.40642812243
6.38029310888
6.47687695468
6.39767629762
6.38012631073
6.46391276186
6.38262108488
6.37147564902
6.4356149421
6.34983309617
6.3343931234
6.42587190733
6.33739263112
6.31962670079
6.4264931428
6.31893532451
6.31978269065
6.45028924314
6.28635572628
6.29194825928
6.43930956571
6.26565179902
6.27571162251
6.42307214307
6.26632466351
6.25571148823
6.39436714249
6.23514376517
6.22032214953
6.29939938309
6.27179988081
6.18621136615
6.21186274772
6.34633591842
6.19320553444
6.25017397244
6.3123849145
6.24676302959
6.28183019288
6.18215369493
6.27284392451
6.28478296279
6.08840400291
6.24416232212
6.30266132703
6.2343154143
6.24248105084
6.2733701294
6.29492529826
6.26168127317
6.28742417628
6.35483532145
6.31663362248
6.34404929695
6.4607755361
6.3931312127
6.45870991926
6.44011712942
6.30802003928
6.39564030881
6.47331479563
6.29516472034
6.29061423608
6.24674709931
6.27806325327
6.19125890817
6.28012194037
6.35191979089
6.31481140943
6.36283580318
6.34978793863
6.35631812916
6.32783993935
6.3539135615
6.32863612607
6.37928841363
6.37212545619
6.38660635088
6.47783891871
6.51294976503
6.47948246964
6.53656290751
6.44176915928
6.38711243417
6.47943678305
6.3677400715
6.31722084028
6.44949344391
6.35741532813
6.29165020863
6.42656223862
6.37845057028
6.31524168417
6.46209422775
6.39177369289
6.32407715426
6.49767147703
6.39869198675
6.34436113863
6.50746143686
6.36628015341
6.36434535864
6.5240419927
6.35527462217
6.37706282054
6.50663367132
6.37291905956
6.40568367412
6.47719698631
6.37682881304
6.41127303648
6.47677415667
6.37601114211
6.40902191316
6.49313522513
6.37450958017
6.39259073161
6.50121292616
6.37149729353
6.38834554494
6.49735414526
6.36187553849
6.37422423179
6.50523253887
6.36670662408
6.37040541422
6.50571419821
6.36654061884
6.37155474726
6.50424865356
6.36196074758
6.36971275216
6.49009101933
6.36207815451
6.3737037664
6.47571355905
6.36515990864
6.38105413609
6.45585070005
6.36023796237
6.37627478812
6.23236996795
6.04964000628
6.13221121687
6.24202943482
6.0521386742
6.1564273157
6.24672293199
6.0470791496
6.16226262467
6.2623231694
6.04559383254
6.17708549277
6.26672028427
6.04802912786
6.16274563904
6.27171004912
6.04261224964
6.14351966732
6.27099676859
6.04140662972
6.1083909988
6.25840056879
6.05030250125
6.09034563567
6.26007088946
6.05893730312
6.0706760653
6.26370771441
6.10311836487
6.09114136758
6.27781240306
6.14596992641
6.13560318451
6.27392285427
6.16248112829
6.14506820596
6.28005282453
6.16359879522
6.14862402418
6.27770398335
6.13851432664
6.16447380427
6.28578951725
6.12077048757
6.16648028419
6.28901128307
6.10556524869
6.1549301933
6.28873725104
6.09630538901
6.1637704375
6.28879458668
6.09464345357
6.16932760491
6.29959072336
6.10070761787
6.17237467802
6.31136748883
6.10738760184
6.17951651376
6.31118261489
6.10617951754
6.1841033872
6.30896385271
6.10556450987
6.19514919288
6.30289253187
6.10063499231
6.18900391377
6.30088904193
6.10183927326
6.18555782457
6.30163162144
6.10139576399
6.18401759319
6.29009317907
6.09475939811
6.17417047265
6.28532789322
6.09422338688
6.16420054805
6.27929857163
6.08480265398
6.15396871036
6.28398503217
6.08376674113
6.15494715166
Rating: 6.90183992541
Rating: 6.89391693553
Rating: 6.8585478878
Rating: 6.85288891372
Rating: 6.82874348565
No. images rated over 6: 1760
