5.54907746726
5.53305111951
5.3277270692
5.54485530711
5.53524436504
5.32501888801
5.54101845555
5.53538744649
5.31916421197
5.53541101176
5.53660163394
5.30842810248
5.53054441079
5.54196676164
5.29991492768
5.52351699873
5.54603382215
5.29531174682
5.50517592553
5.54804280871
5.29060362018
5.49852988878
5.54864046883
5.29372021154
5.51062374705
5.53633940302
5.3004268009
5.54112977208
5.51991965964
5.29060132531
5.55750883077
5.51310190613
5.28719593993
5.56669435642
5.51404691791
5.29726494737
5.57088251272
5.51074379166
5.30525663806
5.56899044519
5.51261828705
5.31302362467
5.58370287693
5.51602972443
5.32123467653
5.5883576625
5.54565575797
5.32241523719
5.59375005148
5.56818917019
5.31293305565
5.588852169
5.57732534895
5.32409959127
5.56623930892
5.58911987638
5.35840653472
5.55677687656
5.59023020413
5.36845993085
5.54629034842
5.58210123067
5.36472430122
5.53237816871
5.56939955556
5.37674781673
5.53254352091
5.56353841762
5.38646163899
5.52049947614
5.54612162795
5.39668333626
5.47400754399
5.53673646787
5.38852726542
5.46020855124
5.53347040079
5.38276763603
5.45719031583
5.53018910221
5.37568155064
5.45651818672
5.53234566011
5.37283476102
5.44905573496
5.53802917564
5.36459951494
5.44113306403
5.54174506173
5.36647009064
5.43788947004
5.54677251304
5.36046761493
5.43104066676
5.55900162978
5.36712105654
5.42152504311
5.57243386537
5.36205746933
5.41171410928
5.58064564839
5.3615935884
5.39866027414
5.60400791337
5.36263110505
5.38733095781
5.62348881155
5.34380279653
5.37747829223
5.65134123164
5.33761341108
5.36441996813
5.69609997692
5.32914093476
5.36216867522
5.73811524755
5.30921960206
5.36357580671
5.77511505171
5.29596844726
5.36689671889
5.76139233678
5.29876393663
5.39158704059
5.71906807041
5.32957665624
5.39620574338
5.73212212113
5.34724917212
5.40738646539
5.72883337409
5.32053124349
5.42151624362
5.70539745642
5.31577211855
5.42240507136
5.68213420751
5.29975652865
5.41850823501
5.67355393951
5.29422186277
5.41711653991
5.68941777323
5.30317466455
5.41802890984
5.71551729933
5.32780818959
5.42227262578
5.74534546424
5.36730437467
5.42858521492
5.76057887056
5.39610510987
5.43274679326
5.76230678439
5.41066426649
5.73662816237
5.60204570587
5.66649896732
5.7371115871
5.60333901207
5.66787551781
5.73610664792
5.60295884177
5.67276814603
5.7410513677
5.59389391421
5.67799375956
5.74794308828
5.58866838464
5.68187446366
5.75212676994
5.58544964299
5.68075585809
5.75489515789
5.59288187543
5.68249210627
5.75645778079
5.59896061183
5.68266135512
5.75913577484
5.60492447782
5.68533024133
5.76030793156
5.60658737042
5.68745925177
5.76196803684
5.60733620657
5.68823676215
5.76023626652
5.60711263698
5.68689947122
5.75965681586
5.60775837959
5.68322888202
5.7600775903
5.61095607573
5.67626579535
5.75840780425
5.61244880343
5.67167218511
5.75504232751
5.61486159897
5.6642676849
5.75266088515
5.61230197229
5.65897892451
5.74682180947
5.60730826157
5.65334631758
5.74496800813
5.60555310784
5.65461642064
5.74427666022
5.60031300626
5.66055916291
5.74248571037
5.59777756404
5.67052582016
5.7366715568
5.59043604362
5.68161865595
5.73364689889
5.58641528205
5.68932949711
5.73169584438
5.58765761069
5.6925465075
5.6384069254
5.60517728017
5.54405748284
5.64285365138
5.61136502706
5.54850828152
5.64125268742
5.61182127848
5.55049194476
5.6479978579
5.62146258638
5.55800806427
5.65765669069
5.63135556642
5.56986147532
5.66125597239
5.63448609306
5.57405656017
5.66320609351
5.63649718529
5.57739349751
5.67443659686
5.64392076655
5.58685876591
5.67803164295
5.64860201609
5.59025451365
5.68267558434
5.64702918717
5.58921700848
5.68313636094
5.63836412846
5.58744451175
5.68148128891
5.63362226757
5.58519893777
5.67324577006
5.6231857157
5.58096872542
5.66069330853
5.60693249551
5.57731516239
5.66018853681
5.60577259893
5.57816954365
5.66922970594
5.61000272633
5.58960776199
5.6675509894
5.60879080969
5.59111039546
5.66301777541
5.60233116265
5.58932859046
5.64611923503
5.58129284912
5.57323851709
5.62333998684
5.54921844793
5.54288397675
5.60733944119
5.52868585897
5.52543751998
5.60312175506
5.51561750983
5.50599980061
5.60084721567
5.50792165514
5.48922894908
5.60569800355
5.50958746569
5.48520959547
5.61233186561
5.51444801151
5.48052258943
5.62207663017
5.52561762767
5.48210317469
5.63419740178
5.5368176598
5.49340884163
5.66232734157
5.56110060133
5.51598214501
5.68074882696
5.57960979605
5.53357082409
5.69108880886
5.59295865729
5.54080548589
5.70200224914
5.60640948224
5.54495479813
5.70423954375
5.61676771661
5.54685033309
5.6957944137
5.62083686642
5.54393483746
5.68328950985
5.62442423811
5.55025952081
5.67422032988
5.62308545116
5.55190342981
5.67146391664
5.62366270639
5.54856983679
5.66544263365
5.62394856001
5.54530733258
5.66317418074
5.62648169892
5.54056671875
5.66067249144
5.62892388798
5.54711463721
5.65081360971
5.62533595492
5.53618625669
5.64032015805
5.6229375186
5.52577807131
5.6337282684
5.62131054712
5.51792176719
5.6277783529
5.61801322772
5.50261835297
5.61559527331
5.61253330764
5.47789279855
5.60905436124
5.61169737968
5.46484921257
5.60026450155
5.6076764738
5.44172557561
5.59008647862
5.59632471145
5.41628941738
5.58644966417
5.59334960409
5.40429177737
5.57793223662
5.58922579938
5.38929518191
5.56596872527
5.58169340623
5.37674047314
5.55973773088
5.57537118529
5.37130742237
5.55325472316
5.56983891171
5.36106824316
5.55294666557
5.56535715092
5.344485937
5.55022957875
5.56357888669
5.33545663703
5.5494506686
5.56357830527
5.32841865522
5.7301150672
5.67704004001
5.57639119989
5.73289523398
5.67797375059
5.57417352581
5.73320630978
5.68002265863
5.56967285842
5.73758211284
5.68129916306
5.56350410174
5.73927130923
5.68159723885
5.5590204653
5.74004796662
5.68237608767
5.54305166435
5.74682326782
5.68592198013
5.52846032924
5.75191395382
5.69044811599
5.52230815233
5.76239437222
5.68872760706
5.50943257157
5.76694641671
5.68883604956
5.50403899219
5.76134184854
5.68130322353
5.50491545225
5.75734342002
5.67123832969
5.51184197776
5.75931452776
5.66519855936
5.51043272183
5.75886645085
5.66366901046
5.51052612485
5.76736990583
5.66673631284
5.51044452828
5.79214588738
5.66857492265
5.51873245474
5.81174124659
5.66801318744
5.52417030693
5.83156881444
5.65757013848
5.54145961363
5.85264407971
5.64639581055
5.53116010164
5.87002833983
5.64163076668
5.52014230025
5.89772374615
5.64827821976
5.51881750957
5.90990479974
5.64895655869
5.52216584403
5.92190360479
5.6547977273
5.53264699949
5.93085419047
5.66328788767
5.55325639674
5.90806235249
5.65823584715
5.57210075373
5.86501402422
5.65029745445
5.60071918175
5.8161817986
5.65677048334
5.61642426296
5.78542953645
5.66663797126
5.61871449914
5.73465667068
5.68165068398
5.61500757315
5.69973391969
5.69183582612
5.60428582168
5.6968497354
5.69415584717
5.58871069036
5.70261290104
5.68819239948
5.57364356181
5.70691700991
5.67627444169
5.60015888109
5.70657006791
5.67015784163
5.63183116807
5.69532330118
5.65906174133
5.66455762353
5.68267832924
5.65059587396
5.6711594392
5.67415228798
5.63989521525
5.66751748114
5.67183014179
5.63574595923
5.66577758004
5.6700655205
5.61861843919
5.6532828995
5.6631476719
5.59947460924
5.64656007309
5.67401023519
5.57245621903
5.6280065097
5.68122575394
5.54462605619
5.60952986264
5.67041814305
5.53143893378
5.61847693424
5.64690887398
5.51233859734
5.63788962675
5.61745429612
5.4615405832
5.67951368768
5.62280978269
5.46051106246
5.69632187621
5.55024613442
5.41937992028
5.6897762037
5.49510992008
5.30446692748
5.71991575864
5.37743247312
5.44353859847
5.5748392304
5.67525299336
5.49601977519
5.58923092787
5.58290993634
5.25984705953
5.60349190488
5.4982318431
5.26198393931
5.57492142743
5.36995556274
5.20140278027
5.64089601269
5.42952882657
5.46175696769
5.6096366087
5.46346943118
5.47456906727
5.48959291932
5.34745536533
5.42436953174
5.47498293476
5.25228884063
5.47981510325
5.4488787344
5.28732366412
5.48167768683
5.46461416789
5.4319187127
5.53183332806
5.50146895096
5.57875346269
5.7179959868
5.4606466997
5.62529158904
5.80169212841
5.46212597292
5.59686813731
5.8285024023
5.49860924683
5.68986858244
5.75709344231
5.67732282303
5.76888043656
5.80620424746
5.6532292868
5.7607946607
5.81824435267
5.63550413686
5.73341133082
5.75455165497
5.71941119169
5.7093834674
5.76538516348
5.76572677254
5.62324630583
5.69647613881
5.70981973421
5.62146161153
5.68590693406
5.68332587979
5.62229406948
5.6666624884
5.64030584295
5.66174158727
5.64360242
5.61551830729
5.69563197024
5.65330426709
5.61952929611
5.69960251415
5.65148706162
5.60423422329
5.72574021547
5.64834851362
5.59407859778
5.73545177535
5.68444107229
5.63502483856
5.75703813914
5.71938294598
5.66191500267
5.77398633149
5.7256741486
5.67721374704
5.77305499977
5.68076883488
5.67473605842
5.77268767264
5.64156608797
5.67695607246
5.78815298436
5.61261668449
5.65840234839
5.82486126826
5.60877266426
5.61582530893
5.84815868358
5.63024275756
5.6049296855
5.87614177765
5.64823853141
5.59635114962
5.90267548019
5.68272434461
5.61865085298
5.92717209026
5.71207973248
5.62967763445
5.94891809984
5.74440012268
5.63127935465
5.95123109381
5.75485851009
5.63205529899
5.9451340309
5.75635196232
5.6332739692
5.94576429945
5.75067999693
5.63574473028
5.94241006714
5.73480692234
5.64130280265
5.93556268235
5.73092027555
5.63258150659
5.93079437767
5.72815658217
5.62763355349
5.92486035236
5.7287296788
5.63065214869
5.92431643493
5.72407145972
5.62118344807
5.92322857779
5.72117122165
5.61971520892
5.92413506782
5.72423365496
5.62136123664
5.92236000633
5.72214345126
5.62282149018
5.91418304386
5.71573426538
5.61789881191
5.90786609855
5.71084743015
5.6144345444
5.90300981448
5.70210500355
5.61299392908
5.47628457583
5.56004484603
5.60378816313
5.47138057557
5.56207389473
5.59831306787
5.4702858062
5.5630645079
5.59530794136
5.47409793276
5.56463384811
5.59081967335
5.47453619536
5.56508845606
5.58668599911
5.4730509543
5.56685269341
5.58458003552
5.47063184911
5.56950242273
5.58154525181
5.47058195093
5.57252833373
5.57970261652
5.46905841528
5.57588577819
5.58370428475
5.46901217643
5.58165145242
5.58611468811
5.47707328972
5.58874085066
5.58991779702
5.48216407584
5.59272497283
5.58941630025
5.48746281867
5.58737643298
5.58986076226
5.50374921077
5.5997777877
5.59160577142
5.50203538691
5.61085837564
5.59074342578
5.49075799659
5.62129788072
5.59068874664
5.48494194141
5.62435276304
5.59289408648
5.48043560135
5.62917769474
5.59249639835
5.4819465506
5.63702184547
5.59460862199
5.49008807002
5.64390533873
5.59472773716
5.49753237219
5.65024805873
5.5923037893
5.50624913058
5.65745621276
5.59355821972
5.50743063039
5.65882531466
5.59562845193
5.67142690847
5.61694871592
5.521287028
5.67263711836
5.61857257515
5.52123292778
5.66714381488
5.61952111124
5.51924426728
5.66462792545
5.62144908025
5.51951476183
5.66083821305
5.62644158553
5.51961957854
5.65732026607
5.63265844098
5.52113486687
5.65478219374
5.63271105291
5.52323120911
5.64837650242
5.63264321613
5.52301915544
5.64454480514
5.64059709448
5.52103567664
5.64265231062
5.65017737371
5.520980997
5.64152412835
5.6523289856
5.52879867547
5.65235502051
5.64867114386
5.52872684513
5.66367574413
5.64828663215
5.52749906215
5.68137476779
5.65285296138
5.52236523047
5.70449886349
5.66187925407
5.5048575317
5.70818190724
5.66604785238
5.48726745015
5.71428442906
5.66665692018
5.4672274986
5.71308055401
5.66307994685
5.44508630069
5.7069719808
5.66907297005
5.4458576543
5.69946292447
5.68003505697
5.46092200678
5.69882505034
5.68207574833
5.47996067762
5.6994967495
5.68602603296
5.49641125372
5.73763026981
5.68797291789
5.59002640917
5.74124047016
5.69575868094
5.60825518832
5.74521189834
5.70241902886
5.6326338004
5.75085402014
5.70877078552
5.64663232318
5.75848415257
5.71375842629
5.65839837942
5.7662354749
5.71928891698
5.66930467547
5.76351533604
5.71875636287
5.67839214592
5.76279294168
5.71760147562
5.68050303497
5.7641699994
5.71124298718
5.67742737114
5.75560127946
5.69955920965
5.6696944453
5.75320465964
5.69252401381
5.66538033705
5.74553878115
5.68182242277
5.65682326677
5.73677832564
5.66882921746
5.64861369936
5.73306634107
5.65951302786
5.64461492894
5.72187197611
5.6508284756
5.63802535683
5.71510063949
5.65105706103
5.63621666055
5.71150012929
5.65341056127
5.63432128661
5.70672521056
5.65916774278
5.63541453391
5.70893777424
5.66821800821
5.6362419096
5.70828917518
5.67277921765
5.64024933075
5.70461861298
5.6739230852
5.64343143411
5.70121998537
5.67671817023
5.64593290808
5.70061835887
5.68189015851
5.65034186984
5.70456435671
5.69170909823
5.64756659533
5.70598254501
5.70027548924
5.64981232543
5.70502720317
5.70375062455
5.65233581993
5.70909787656
5.71444828153
5.65921468381
5.71229098544
5.71944740597
5.65390814914
5.71820659389
5.71890654953
5.64756845537
5.72793479028
5.72424911048
5.63441962594
5.73893856816
5.73338124252
5.63968301838
5.74072205491
5.74049124036
5.63764616375
5.7443245007
5.75185798882
5.63138467566
5.74535461026
5.75523465457
5.61785581169
5.75038797308
5.75903553099
5.61647051692
5.74496778791
5.75606500573
5.61335461484
5.73127976731
5.75490798394
5.62101534072
5.72875298173
5.75661446133
5.63898707763
5.71351203004
5.76072341209
5.66023103115
5.70124238451
5.77028409059
5.67600947619
5.69803126459
5.77901761313
5.68465216701
5.68940211994
5.7858864393
5.69663429843
5.68560839342
5.78764707237
5.69783723845
5.68008748411
5.78121915853
5.69839267796
5.67387639812
5.76130383097
5.69338052663
5.67389257787
5.74912921926
5.68996665208
5.43608390662
5.51463116647
5.48153712548
5.45391961794
5.49841937563
5.49108587223
5.50318944851
5.5119722289
5.5142927971
5.56818246302
5.54171988424
5.51661102231
5.67113403623
5.60263843969
5.53551827006
5.67814624621
5.6205766916
5.5491963912
5.69209638076
5.62059154137
5.54318611975
5.71115753086
5.61751750099
5.53898003216
5.72229667726
5.61334370285
5.53759598754
5.73032679912
5.61399175873
5.54233289215
5.74931404333
5.62261184735
5.54801842078
5.77509158054
5.63311716777
5.55258343094
5.77857204289
5.64238801321
5.56025200496
5.71605259077
5.61464628374
5.58827690149
5.65607357785
5.55215345333
5.59334606604
5.67132614673
5.57262420196
5.60790170696
5.70381556498
5.54837957866
5.63440217327
5.69814902348
5.53015458053
5.63571366955
5.71860588092
5.53526566631
5.63116849219
5.72455544533
5.54010447438
5.62895628391
5.70545221022
5.54567697942
5.62217902135
5.68456899361
5.5523574884
5.61928908245
5.6868067821
5.55788657187
5.63121934281
5.69872647912
5.53836574522
5.63162677472
5.68736604362
5.57945439346
5.62214142669
5.72855026194
5.58086163298
5.60091419506
5.75463691274
5.60561603531
5.59437145637
5.75861459719
5.62406816816
5.58836251597
5.81062662554
5.69180068796
5.75923134126
5.81746349409
5.69133523911
5.76841490029
5.81834827559
5.68916318539
5.77185441889
5.8224533864
5.6933381682
5.77520548469
5.82449382106
5.69568987603
5.7728419771
5.8237154219
5.69678016318
5.77039185016
5.82333692886
5.6996690023
5.76971114264
5.82645833754
5.70470489569
5.76920926436
5.82736901985
5.7101662683
5.77073919883
5.82588609907
5.7177763873
5.77121727528
5.82569421475
5.72310353215
5.76667852462
5.82405017027
5.72782700028
5.76511836623
5.82648363152
5.73112671713
5.76312612055
5.82860946178
5.7325885316
5.75570592921
5.83211447864
5.73522764918
5.74852646668
5.83718141188
5.74095733581
5.74133231992
5.84156761412
5.74700265378
5.73560810817
5.84357747554
5.75083241974
5.7315520908
5.84225668618
5.75580954978
5.72285025312
5.84068812477
5.76247375965
5.71744175574
5.83867086568
5.76429991191
5.7137365549
5.83717382298
5.75831046813
5.70409329429
5.83228842555
5.74496325216
5.69591371933
5.82562882446
5.73444283767
5.6889036394
5.82007991325
5.71609506416
5.68752028269
5.8180732487
5.69817396087
5.68852043377
5.81771094682
5.68590942433
5.68566363796
5.81677076627
5.67105442674
5.67256214871
5.81289478438
5.66163782036
5.66048733187
5.80919610254
5.6636049126
5.64866494214
5.79978683867
5.67091563354
5.63570994176
5.78869414084
5.67315491848
5.62286638074
5.78513728544
5.6758269411
5.61715277563
5.78100863599
5.68303881135
5.6090481269
5.77400337348
5.69039094105
5.60054508316
5.77334683782
5.69491129037
5.59600602615
5.76883789587
5.70089673492
5.59173186169
5.76485866664
5.7106521971
5.59297605307
5.76273898877
5.71535040927
5.59827163985
5.75936958237
5.71872207717
5.60692732838
5.75187259035
5.7187855685
5.62039927579
5.90425285629
5.98249484263
5.50307275394
5.965661215
6.04711200019
5.51986437735
5.97486395985
6.04007560517
5.57652106296
6.00155550257
6.01137712329
5.54166609707
5.99215640537
5.99579188542
5.56028851234
5.94196970905
6.0376277234
5.54751697171
5.91291211333
6.00177197765
5.47612712187
5.92966266708
5.93569117692
5.5102240945
5.96118823222
5.93067438693
5.49569530134
5.95639238168
5.92146515647
5.48388211051
5.88590589108
5.81866785168
5.48243358586
5.8770475052
5.84013039741
5.48120870951
5.90547578339
5.93964028389
5.47615579613
5.89645451453
5.98065716546
5.47710596651
5.91606112501
5.9826980678
5.48521124057
5.90691752975
5.9581370508
5.50039690367
5.85781771016
5.86703300585
5.43560296217
5.8492932669
5.71603052179
5.36114083109
5.87133934465
5.74837460313
5.54657706096
5.92958990863
5.7884553705
5.43161616924
5.94634478144
5.80624676579
5.43768443697
5.72983974155
5.72469921727
5.59682096897
5.72108658353
5.70932250032
5.59485368251
5.71776084241
5.704408913
5.59482477268
5.7066898387
5.69759350462
5.59446844791
5.69752534601
5.69661608592
5.58851584692
5.68820373205
5.6999876856
5.57893822043
5.67059738048
5.69954760911
5.56308825656
5.65027208872
5.69350335002
5.55634813064
5.64288346756
5.68330643722
5.54622737506
5.6573217433
5.69390479799
5.52416906116
5.66307603691
5.70290581622
5.53742049499
5.65438592953
5.72593509618
5.54200762331
5.59550355868
5.73126310964
5.56577386969
5.55283139803
5.73359573071
5.57917711047
5.54201713418
5.73930784484
5.58268494037
5.55366138864
5.73463159118
5.57331744952
5.57248058566
5.75127829636
5.5722969954
5.58514079932
5.76156633627
5.57537279769
5.60633125697
5.75234389662
5.58201795509
5.62557053379
5.75670841467
5.59650438228
5.63373715229
5.75398646478
5.60959812578
5.63941371965
5.72923496416
5.62700130713
5.62762059216
5.70535087362
5.63690579809
5.61921205498
5.69066615035
5.64106526133
5.60793567688
5.67662950894
5.63396878612
5.58548934871
5.68071250288
5.61483641747
5.57213645295
5.69574484486
5.59536570968
5.54587156959
5.72547909621
5.5851992977
5.53385170444
5.74169680278
5.59323742289
5.53046582094
5.74425869972
5.59470388014
5.53790841654
5.72932007152
5.60923838909
5.54338959365
5.7055522069
5.6224998104
5.55273740211
5.69786774708
5.63254117245
5.54813222808
5.67731160409
5.63609576809
5.71632198208
5.75583196903
5.60486612894
5.7160988955
5.75911985749
5.60673916715
5.71256581535
5.75948554616
5.60594516513
5.70761186436
5.75895774418
5.60634807054
5.71470117363
5.76138199628
5.60647730796
5.71234461516
5.75860292038
5.60568453169
5.72252854702
5.76904776455
5.60237146913
5.71694143494
5.76035092717
5.60200495918
5.69489728408
5.74365976738
5.59804060903
5.69056602079
5.7467667395
5.59643644943
5.69296761451
5.74740596137
5.59415881839
5.68493566662
5.73408691358
5.58936002983
5.66221962727
5.7220285954
5.58895069558
5.65515098233
5.72154762478
5.59012470522
5.65622801479
5.7168007941
5.59772347407
5.65294549316
5.71739070817
5.60640281188
5.65269881142
5.71434034999
5.6095767058
5.65650671601
5.71522660545
5.6137413106
5.66247968647
5.70949078254
5.61404565176
5.66353833094
5.70149399328
5.61348916176
5.66646278438
5.70521784926
5.61357378307
5.6631711373
5.70478741538
5.61411605235
5.66535625965
5.70412024254
5.60768137739
5.66840229732
5.7055924824
5.60048445913
5.67013418364
5.70994688371
5.59384658918
5.67381154793
5.71306958699
5.58941834103
5.67621340653
5.72138452484
5.58396398993
5.79275081486
5.89500805415
5.76639015844
5.78248368472
5.89810889968
5.7668393851
5.74538937099
5.89565032703
5.76803253244
5.69906857191
5.89195810546
5.76761720136
5.68149909009
5.89288236229
5.76800426715
5.67972478087
5.89271931394
5.76607443734
5.69811726933
5.88369365048
5.76304107946
5.72176076504
5.87563307066
5.76136793087
5.75930540803
5.86909968238
5.76193504813
5.77248386667
5.86588778891
5.76302705209
5.76855356181
5.85703169916
5.76358985929
5.76086907288
5.84064011757
5.76282559065
5.78674299891
5.82641970821
5.75924307281
5.81590982587
5.81351014925
5.75819335504
5.89458480825
5.79816962723
5.75481579867
5.85628680366
5.79318635305
5.75190723165
5.85191132747
5.77902948721
5.75205245999
5.75598954379
5.72790224376
5.75037093363
5.66200441983
5.70775853202
5.74749917304
5.63470407071
5.70872326939
5.75274886306
5.62030330984
5.72751136673
5.75694804038
5.61268063747
5.73686632096
5.7657641425
5.60067903837
5.74254251363
5.76913764528
5.59962866616
5.75957174152
5.76837049045
5.58829530977
5.77842276477
5.76853145859
5.57825530343
5.79183206633
5.77428829334
5.56000844159
5.81182079966
5.78731148325
5.55021842624
5.82501455062
5.81884534823
5.5452802092
5.82247286552
5.84462654393
5.54359054925
5.81245176021
5.84175312801
5.53271224158
5.81302294763
5.82032918581
5.54743068614
5.81616183855
5.81421441981
5.57895730723
5.80167814524
5.81144530934
5.60147270735
5.78787602605
5.811437979
5.61183612373
5.78535026689
5.81538515978
5.62518835472
5.77996905781
5.82558168856
5.64510859511
5.77685028646
5.83144659427
5.66576766348
5.77593225187
5.82875617232
5.68789208429
5.77161374051
5.82510343268
5.69924136547
5.75719394732
5.81269424389
5.70045630748
5.74712278052
5.80200354317
5.70480217974
5.73306219181
5.78234874976
5.69701757864
5.74770991154
5.76818448213
5.69803087032
5.7594017175
5.76885790453
5.70261208877
5.77765411888
5.76886139327
5.71833906656
5.77868326584
5.75711940385
5.72781809471
5.78068278778
5.75061770426
5.73007132309
5.77479619016
5.74036478722
5.7363481629
5.784332718
5.74314220101
5.72779712128
5.78759509064
5.74889010027
5.72879005408
5.79575619864
5.75016683341
5.72921064027
5.79719461687
5.74864202903
5.7338362275
5.7948615855
5.74567053744
5.73055651578
5.78969908268
5.7306702877
5.72225448717
5.79288928846
5.72102382063
5.70592954866
5.79300631602
5.70947887146
5.61286736805
5.74236631715
5.67609556947
5.60298427312
5.73906638114
5.68092109933
5.58241821602
5.73735914469
5.70391471923
5.54476338608
5.74473692979
5.73183814555
5.53139042103
5.74838733158
5.74855267625
5.52433121628
5.75058248462
5.76862520604
5.52447928979
5.75521961044
5.77851562211
5.52443208932
5.75715540363
5.78410823764
5.51566561488
5.75292948593
5.79069900851
5.51089383825
5.76523060471
5.79846743374
5.51088880829
5.76743805694
5.79578601076
5.51591274863
5.77155938138
5.798444056
5.51344969501
5.76525576853
5.78987047996
5.52162735228
5.77555566186
5.79777784044
5.53450303935
5.77841287059
5.8003520594
5.53702183253
5.77834956105
5.80666327132
5.53859439289
5.77132171484
5.80581278437
5.54748918168
5.76590368179
5.7977899357
5.55361319207
5.75551199046
5.77928126972
5.55411799426
5.73087315808
5.75352631508
5.5514949286
5.71478090698
5.7259678693
5.54853118818
5.68420730874
5.71207934306
5.53977266816
5.66896230316
5.70561685181
5.52750603393
5.67148228938
5.71476793687
5.52276484622
5.67772364519
5.72438255181
5.51905225018
5.68038949113
5.71417513941
5.52600207437
5.6681546002
5.7008330032
5.52681203517
5.65249331044
5.6348403669
5.5961899916
5.69848855469
5.61462193657
5.6140908487
5.62743524635
5.61490014989
5.66179694849
5.63247403867
5.63653836014
5.59921543633
5.6815477852
5.62943705758
5.59589776228
5.61359456069
5.62372615479
5.62042942345
5.59589013387
5.60513972906
5.67220347178
5.5578035428
5.61520575762
5.68874716602
5.57665773556
5.59881518964
5.67088953418
5.66931137751
5.70341531486
5.69171532385
5.66249716772
5.71688395719
5.69994205277
5.72471396071
5.72338867221
5.6463131175
5.64114140617
5.65021240059
5.65893565914
5.69407903178
5.73372692343
5.6338069816
5.65926252265
5.73812301457
5.61766565381
5.67753280162
5.71968611611
5.57909750419
5.68810539282
5.73047282227
5.58902015655
5.73856736696
5.77700028731
5.6442658608
5.72060448646
5.72619173207
5.66258967939
5.6834434646
5.71549673986
5.67527583091
5.65272334512
5.71434744694
5.67403865071
5.6531838923
5.7203458605
5.67735845179
5.65575862957
5.70637386222
5.67738676359
5.64819919761
5.70166883445
5.65834657117
5.61821482905
5.7067723544
5.66060785557
5.60175110185
5.70558878054
5.6759573255
5.60524444131
5.72015030697
5.68265602116
5.60609903365
5.73718944997
5.68361974956
5.60621290322
5.7420770261
5.68141758815
5.60387975865
5.73458242186
5.67425107938
5.60180677089
5.73052126376
5.66945043419
5.59401243785
5.72132614777
5.6703079949
5.58920854227
5.71417057763
5.67058567809
5.58705761427
5.7134800183
5.66814995935
5.57984272625
5.71062564866
5.66721022663
5.57272806332
5.71208344211
5.66762026584
5.56393446366
5.72000362067
5.66820623331
5.55777822487
5.71541053066
5.65501077254
5.70519592497
5.72755616797
5.6506776026
5.68863087688
5.73885894159
5.64324247974
5.67734532506
5.74013464508
5.64177810234
5.66874860624
5.74853024691
5.6442046346
5.68285616332
5.75405146606
5.64753175979
5.69306621852
5.74654697625
5.64422850069
5.70207776114
5.7363402976
5.643337828
5.71707771796
5.73500008918
5.64726092541
5.71923313015
5.73533756818
5.65661065293
5.71564592472
5.73318680958
5.66054052028
5.71955776487
5.72927355938
5.6599015095
5.72088780341
5.72670269207
5.66162978321
5.71398475626
5.71782863897
5.65765489021
5.70353188309
5.70167597299
5.65432113639
5.69363158335
5.68769324604
5.6497482053
5.67848187977
5.67756534588
5.64949624176
5.6708367844
5.67799671772
5.64786978971
5.66810511897
5.68150577366
5.6512109768
5.66357899077
5.68265255427
5.65868755553
5.66841414521
5.68673844666
5.66040090706
5.66692955787
5.68828520294
5.661147068
5.66759254041
5.69066023654
5.65860821764
5.6690693742
5.69065377271
5.66078217437
5.67038570753
5.69211940572
5.66397422788
5.67254792572
5.69572396262
5.66504904738
5.67497748928
5.69264556642
5.66392076777
5.67526588972
5.68815808624
5.66511989448
5.67337319029
5.68456614499
5.66871387055
5.67479003842
5.68588726575
Rating: 6.04711200019
Rating: 5.98249484263
Rating: 5.95123109381
Rating: 5.94891809984
Rating: 5.93085419047
No. images rated over 6: 6
